05 01 01 01 00 05 00 00 00 05 00 00 00 05 00 1b 00 05 00 1b 00 08 00 00 00 08 00 01 00 05 00 5a 00 05 00 7c 00 00 00 00 
0a 01 01 01 00 05 00 16 00 05 00 16 00 05 00 31 00 05 00 31 00 08 00 24 00 08 00 25 00 05 00 6c 00 05 00 83 00 00 00 00 
13 01 01 01 00 05 00 15 00 05 00 15 00 05 00 30 00 05 00 30 00 08 00 22 00 08 00 23 00 05 00 65 00 05 00 7b 00 00 00 00 
09 01 01 01 00 05 00 0a 00 05 00 0a 00 05 00 25 00 05 00 25 00 08 00 12 00 08 00 13 00 05 00 66 00 05 00 74 00 00 00 00 
02 01 01 01 00 05 00 05 00 05 00 05 00 05 00 20 00 05 00 20 00 08 00 0a 00 08 00 0b 00 05 00 5f 00 05 00 77 00 00 00 00 
01 01 01 01 00 05 00 03 00 05 00 03 00 05 00 1e 00 05 00 1e 00 08 00 06 00 08 00 07 00 05 00 5d 00 05 00 73 00 00 00 00 
18 01 01 01 00 05 00 0b 00 05 00 0b 00 05 00 26 00 05 00 26 00 08 00 14 00 08 00 15 00 05 00 67 00 05 00 76 00 00 00 00 
0d 01 01 01 00 05 00 0e 00 05 00 0e 00 05 00 29 00 05 00 29 00 08 00 1a 00 08 00 1b 00 05 00 6a 00 05 00 7f 00 00 00 00 
04 01 01 01 00 05 00 07 00 05 00 07 00 05 00 22 00 05 00 22 00 08 00 0c 00 08 00 0d 00 05 00 63 00 05 00 7d 00 00 00 00 
15 01 01 01 00 05 00 01 00 05 00 01 00 05 00 1c 00 05 00 1c 00 08 00 02 00 08 00 03 00 05 00 5b 00 05 00 71 00 00 00 00 
0e 01 01 01 00 05 00 18 00 05 00 18 00 05 00 33 00 05 00 33 00 08 00 28 00 08 00 29 00 05 00 6d 00 05 00 84 00 00 00 00 
00 01 01 01 00 05 00 08 00 05 00 08 00 05 00 23 00 05 00 23 00 08 00 0e 00 08 00 0f 00 05 00 64 00 05 00 81 00 00 00 00 
0c 01 01 01 00 05 00 0c 00 05 00 0c 00 05 00 27 00 05 00 27 00 08 00 16 00 08 00 17 00 05 00 68 00 05 00 79 00 00 00 00 
0f 01 01 01 00 05 00 17 00 05 00 17 00 05 00 32 00 05 00 32 00 08 00 2a 00 08 00 2b 00 05 00 6e 00 05 00 85 00 00 00 00 
14 01 01 01 00 05 00 06 00 05 00 06 00 05 00 21 00 05 00 21 00 08 00 2e 00 08 00 2f 00 05 00 60 00 05 00 78 00 00 00 00 
0b 01 01 01 00 05 00 13 00 05 00 13 00 05 00 2e 00 05 00 2e 00 08 00 26 00 08 00 27 00 05 00 61 00 05 00 7e 00 00 00 00 
07 01 00 01 00 05 00 0d 00 05 00 0d 00 05 00 28 00 05 00 28 00 08 00 18 00 08 00 19 00 05 00 69 00 05 00 7a 00 00 00 00 
03 00 00 00 00 05 00 10 00 05 00 10 00 05 00 2b 00 05 00 2b 00 08 00 1e 00 08 00 1f 00 05 00 62 00 05 00 72 00 00 00 00 
06 00 00 00 00 05 00 02 00 05 00 02 00 05 00 1d 00 05 00 1d 00 08 00 04 00 08 00 05 00 05 00 5c 00 05 00 80 00 00 00 00 
08 00 00 00 00 05 00 04 00 05 00 04 00 05 00 1f 00 05 00 1f 00 08 00 08 00 08 00 09 00 05 00 5e 00 05 00 75 00 00 00 00 
10 00 00 00 00 05 00 19 00 05 00 19 00 05 00 34 00 05 00 34 00 08 00 2c 00 08 00 2d 00 05 00 6f 00 05 00 86 00 00 00 00 
11 00 00 00 00 05 00 0f 00 05 00 0f 00 05 00 2a 00 05 00 2a 00 08 00 1c 00 08 00 1d 00 05 00 6b 00 05 00 82 00 00 00 00 
12 00 00 00 00 05 00 1a 00 05 00 1a 00 05 00 35 00 05 00 35 00 08 00 30 00 08 00 31 00 05 00 70 00 05 00 87 00 00 00 00 
ff 01 01 01 00 05 00 11 00 05 00 11 00 05 00 11 00 05 00 11 00 08 00 10 00 08 00 11 00 05 00 64 00 05 00 81 00 00 00 00