00 00 00 00 03 03 00 00 00 03 00 03 00 04 00 00 00 04 00 00 00 00 00 54 00 00 00 00 story mode
00 00 00 01 04 04 00 00 00 03 00 06 00 04 00 01 00 04 00 01 00 00 00 55 00 00 00 00 time attack
00 00 00 02 06 06 00 00 00 03 00 07 00 04 00 02 00 04 00 02 00 00 00 56 00 00 00 00 survival
00 00 00 03 08 08 00 00 00 03 00 0a 00 04 00 03 00 04 00 03 00 00 00 57 00 00 00 00 team battle
00 00 00 04 05 05 00 00 00 03 00 0b 00 04 00 04 00 04 00 04 00 00 00 58 00 00 00 00 versus
00 00 00 06 0b 0b 00 00 00 03 00 0d 00 04 00 0a 00 04 00 0a 00 00 00 5a 00 00 00 00 watch mode
00 00 00 05 09 09 00 00 00 03 00 0f 00 04 00 05 00 04 00 05 00 00 00 59 00 00 00 00 sparring
00 00 00 09 02 02 00 00 00 03 00 10 00 04 00 06 00 04 00 06 00 00 00 5f 00 00 00 00 collection
00 00 00 08 12 12 00 00 00 03 00 04 00 04 00 07 00 04 00 07 00 00 00 60 00 00 00 00 settings
00 00 00 0a 15 15 00 00 00 03 00 0e 00 04 00 08 00 04 00 08 00 00 00 5c 00 00 00 00 online
00 00 00 0c 16 16 00 00 00 03 00 12 00 04 00 0c 00 04 00 0c 00 00 00 5e 00 00 00 00 ranking
00 00 00 00 03 03 00 00 00 03 00 13 00 04 00 0d 00 04 00 0d 00 00 00 54 00 00 00 00 
00 00 00 01 04 04 00 00 00 03 00 08 00 04 00 0e 00 04 00 0e 00 00 00 55 00 00 00 00