            25 01 00 00 00 08 00 09 00 08 00 23 TRITOWER HELIPORT
00 00 00 00 15 00 00 00 00 08 00 0d 00 08 00 19 KYOTO IN BLOOM (DAY)
00 00 00 00 1f 00 00 00 00 08 00 16 00 08 00 1a KYOTO IN BLOOM (NIGHT)
00 00 00 00 13 00 00 00 00 08 00 15 00 08 00 27 NASSAU STATION
00 00 00 00 17 00 00 00 00 08 00 17 00 08 00 29 TATAMI
00 00 00 00 0e 00 00 00 00 08 00 0c 00 08 00 1e SEASIDE MARKET (TOP)
00 00 00 00 0f 00 00 00 00 08 00 11 00 08 00 1c NINJA HIDEOUT (TOP)
00 00 00 00 14 01 01 00 00 08 00 0e 00 08 00 21 DWA COLISEUM
00 00 00 00 24 01 00 00 00 08 00 14 00 08 00 26 CRASH CLUB
00 00 00 00 18 00 01 00 00 08 00 12 00 08 00 28 SAVANNAH SAFARI
00 00 00 00 0d 00 00 00 00 08 00 0b 00 08 00 22 DOATEC GREAT HALL
00 00 00 00 10 00 00 00 00 08 00 10 00 08 00 1b TEMPLE ON THE MOUNTAIN
00 00 00 00 ff 00 01 00 00 08 00 18 00 08 00 24 RANDOM
00 00 00 00 0c 00 00 00 00 08 00 08 00 08 00 1d BIOLAB CORE
00 00 00 00 1a 00 00 00 00 08 00 13 00 08 00 25 WATERFALL VALLEY
00 00 00 00 11 00 01 00 00 08 00 0f 00 08 00 20 GAMBLER'S PARADISE
00 00 00 00 0a 00 01 00 00 08 00 0a 00 08 00 1f EXPERIMENTAL PLAYGROUND
00 00 00 00