05 01 01 01 00 06 00 00 00 06 00 00 00 06 00 1a 00 06 00 1a 00 06 00 a7 00 06 00 a7 00 06 00 4c 00 06 00 34 00 00 00 00
0a 01 01 01 00 06 00 15 00 06 00 15 00 06 00 2f 00 06 00 2f 00 06 00 bc 00 06 00 bc 00 06 00 5e 00 06 00 46 00 00 00 00 
13 01 01 01 00 06 00 14 00 06 00 14 00 06 00 2e 00 06 00 2e 00 06 00 bb 00 06 00 bb 00 06 00 57 00 06 00 3f 00 00 00 00 
09 01 01 01 00 06 00 0a 00 06 00 0a 00 06 00 24 00 06 00 24 00 06 00 b1 00 06 00 b1 00 06 00 58 00 06 00 40 00 00 00 00 
07 01 00 01 00 06 00 0d 00 06 00 0d 00 06 00 27 00 06 00 27 00 06 00 b4 00 06 00 b4 00 06 00 5b 00 06 00 43 00 00 00 00 
02 01 01 01 00 06 00 05 00 06 00 05 00 06 00 1f 00 06 00 1f 00 06 00 ac 00 06 00 ac 00 06 00 51 00 06 00 39 00 00 00 00 
01 01 01 01 00 06 00 03 00 06 00 03 00 06 00 1d 00 06 00 1d 00 06 00 aa 00 06 00 aa 00 06 00 4f 00 06 00 37 00 00 00 00 
18 01 01 01 00 06 00 0b 00 06 00 0b 00 06 00 25 00 06 00 25 00 06 00 b2 00 06 00 b2 00 06 00 59 00 06 00 41 00 00 00 00 
0d 01 01 01 00 06 00 0e 00 06 00 0e 00 06 00 28 00 06 00 28 00 06 00 b5 00 06 00 b5 00 06 00 5c 00 06 00 44 00 00 00 00 
04 01 01 01 00 06 00 07 00 06 00 07 00 06 00 21 00 06 00 21 00 06 00 ae 00 06 00 ae 00 06 00 55 00 06 00 3d 00 00 00 00 
15 01 01 01 00 06 00 01 00 06 00 01 00 06 00 1b 00 06 00 1b 00 06 00 a8 00 06 00 a8 00 06 00 4d 00 06 00 35 00 00 00 00 
0e 01 01 01 00 06 00 17 00 06 00 17 00 06 00 31 00 06 00 31 00 06 00 be 00 06 00 be 00 06 00 5f 00 06 00 47 00 00 00 00 
00 01 01 01 00 06 00 08 00 06 00 08 00 06 00 22 00 06 00 22 00 06 00 af 00 06 00 af 00 06 00 56 00 06 00 3e 00 00 00 00 
07 01 00 01 00 06 00 0d 00 06 00 0d 00 06 00 27 00 06 00 27 00 06 00 b4 00 06 00 b4 00 06 00 5b 00 06 00 43 00 00 00 00 
0c 01 01 01 00 06 00 0c 00 06 00 0c 00 06 00 26 00 06 00 26 00 06 00 b3 00 06 00 b3 00 06 00 5a 00 06 00 42 00 00 00 00 
0f 01 01 01 00 06 00 16 00 06 00 16 00 06 00 30 00 06 00 30 00 06 00 bd 00 06 00 bd 00 06 00 60 00 06 00 48 00 00 00 00 
14 01 01 01 00 06 00 06 00 06 00 06 00 06 00 20 00 06 00 20 00 06 00 ad 00 06 00 ad 00 06 00 52 00 06 00 3a 00 00 00 00 
0b 01 01 01 00 06 00 13 00 06 00 13 00 06 00 2d 00 06 00 2d 00 06 00 ba 00 06 00 ba 00 06 00 53 00 06 00 3b 00 00 00 00