00 00 00 00 03 03 00 00 00 04 00 02 00 05 00 00 00 05 00 00 00 00 00 6a 00 00 00 00 story mode
00 00 00 01 04 04 00 00 00 04 00 05 00 05 00 01 00 05 00 01 00 00 00 6b 00 00 00 00 time attack
00 00 00 02 06 06 00 00 00 04 00 06 00 05 00 02 00 05 00 02 00 00 00 6c 00 00 00 00 survival
00 00 00 03 08 08 00 00 00 04 00 09 00 05 00 03 00 05 00 03 00 00 00 6d 00 00 00 00 team battle
00 00 00 04 05 05 00 00 00 04 00 0a 00 05 00 04 00 05 00 04 00 00 00 6e 00 00 00 00 versus
00 00 00 05 09 09 00 00 00 04 00 0e 00 05 00 05 00 05 00 05 00 00 00 6f 00 00 00 00 sparring
00 00 00 08 12 12 00 00 00 04 00 03 00 05 00 07 00 05 00 07 00 00 00 78 00 00 00 00 settings
00 00 00 06 0b 0b 00 00 00 04 00 0c 00 05 00 0b 00 05 00 0b 00 00 00 70 00 00 00 00 watch
00 00 00 0d 02 02 00 00 00 04 00 13 00 05 00 08 00 05 00 08 00 00 00 81 00 00 00 00 album
00 00 00 09 02 02 00 00 00 04 00 0f 00 05 00 06 00 05 00 06 00 00 00 77 00 00 00 00 movie theater*
00 00 00 0c 16 16 00 00 00 04 00 11 00 05 00 0d 00 05 00 0d 00 00 00 76 00 00 00 00 ranking
00 00 00 0b 02 02 00 00 00 04 00 04 00 05 00 0c 00 05 00 0c 00 00 00 75 00 00 00 00 user profiles
00 00 00 07 0f 0f 00 00 00 04 00 0b 00 05 00 0a 00 05 00 0a 00 00 00 71 00 00 00 00 battle viewer
00 00 00 0a 15 15 00 00 00 04 00 0d 00 05 00 09 00 05 00 09 00 00 00 72 00 00 00 00 online
00 00 00 00 03 03 00 00 00 04 00 12 00 05 00 0e 00 05 00 0e 00 00 00 6a 00 00 00 00 single battle
00 00 00 01 04 04 00 00 00 04 00 07 00 05 00 0f 00 05 00 0f 00 00 00 6b 00 00 00 00 tag battle