            0c 00 00 00 00 06 00 15 00 06 00 0a 00 06 00 23 BIOLAB CORE
00 00 00 00 11 00 00 00 00 06 00 1c 00 06 00 11 00 06 00 26 GAMBLER'S PARADISE
00 00 00 00 0a 00 00 00 00 06 00 17 00 06 00 0c 00 06 00 25 EXPERIMENTAL PLAYGROUND
00 00 00 00 25 01 00 00 00 06 00 16 00 06 00 0b 00 06 00 29 TRITOWER HELIPORT
00 00 00 00 15 00 00 00 00 06 00 1a 00 06 00 0f 00 06 00 20 KYOTO IN BLOOM (DAY)
00 00 00 00 0e 00 00 00 00 06 00 19 00 06 00 0e 00 06 00 24 SEASIDE MARKET (TOP)
00 00 00 00 0f 00 00 00 00 06 00 1e 00 06 00 13 00 06 00 22 NINJA HIDEOUT (TOP)
00 00 00 00 14 01 00 00 00 06 00 1b 00 06 00 10 00 06 00 27 DWA COLISEUM
00 00 00 00 0d 00 00 00 00 06 00 18 00 06 00 0d 00 06 00 28 DOATEC GREAT HALL
00 00 00 00 10 00 00 00 00 06 00 1d 00 06 00 12 00 06 00 21 TEMPLE ON THE MOUNTAIN (TOP)
00 00 00 00 ff 01 00 00 00 06 00 04 00 06 00 05 00 06 00 2a RANDOM
00 00 00 00